0.000 +0.000
0.010 +0.010
0.020 +0.020
0.030 +0.030
0.040 +0.040
0.050 +0.050
0.060 +0.060
0.070 +0.070
0.080 +0.080
0.090 +0.090
0.100 +0.100
0.110 +0.110
0.120 +0.120
0.130 +0.130
0.140 +0.140
0.150 +0.149
0.160 +0.159
0.170 +0.169
0.180 +0.179
0.190 +0.189
0.200 +0.199
0.210 +0.208
0.220 +0.218
0.230 +0.228
0.240 +0.238
0.250 +0.247
0.260 +0.257
0.270 +0.267
0.280 +0.276
0.290 +0.286
0.300 +0.296
0.310 +0.305
0.320 +0.315
0.330 +0.324
0.340 +0.333
0.350 +0.343
0.360 +0.352
0.370 +0.362
0.380 +0.371
0.390 +0.380
0.400 +0.389
0.410 +0.399
0.420 +0.408
0.430 +0.417
0.440 +0.426
0.450 +0.435
0.460 +0.444
0.470 +0.453
0.480 +0.462
0.490 +0.471
0.500 +0.479
0.510 +0.488
0.520 +0.497
0.530 +0.506
0.540 +0.514
0.550 +0.523
0.560 +0.531
0.570 +0.540
0.580 +0.548
0.590 +0.556
0.600 +0.565
0.610 +0.573
0.620 +0.581
0.630 +0.589
0.640 +0.597
0.650 +0.605
0.660 +0.613
0.670 +0.621
0.680 +0.629
0.690 +0.637
0.700 +0.644
0.710 +0.652
0.720 +0.659
0.730 +0.667
0.740 +0.674
0.750 +0.682
0.760 +0.689
0.770 +0.696
0.780 +0.703
0.790 +0.710
0.800 +0.717
0.810 +0.724
0.820 +0.731
0.830 +0.738
0.840 +0.745
0.850 +0.751
0.860 +0.758
0.870 +0.764
0.880 +0.771
0.890 +0.777
0.900 +0.783
0.910 +0.790
0.920 +0.796
0.930 +0.802
0.940 +0.808
0.950 +0.813
0.960 +0.819
0.970 +0.825
0.980 +0.830
0.990 +0.836
1.000 +0.841
1.010 +0.847
1.020 +0.852
1.030 +0.857
1.040 +0.862
1.050 +0.867
1.060 +0.872
1.070 +0.877
1.080 +0.882
1.090 +0.887
1.100 +0.891
1.110 +0.896
1.120 +0.900
1.130 +0.904
1.140 +0.909
1.150 +0.913
1.160 +0.917
1.170 +0.921
1.180 +0.925
1.190 +0.928
1.200 +0.932
1.210 +0.936
1.220 +0.939
1.230 +0.942
1.240 +0.946
1.250 +0.949
1.260 +0.952
1.270 +0.955
1.280 +0.958
1.290 +0.961
1.300 +0.964
1.310 +0.966
1.320 +0.969
1.330 +0.971
1.340 +0.973
1.350 +0.976
1.360 +0.978
1.370 +0.980
1.380 +0.982
1.390 +0.984
1.400 +0.985
1.410 +0.987
1.420 +0.989
1.430 +0.990
1.440 +0.991
1.450 +0.993
1.460 +0.994
1.470 +0.995
1.480 +0.996
1.490 +0.997
1.500 +0.997
1.510 +0.998
1.520 +0.999
1.530 +0.999
1.540 +1.000
1.550 +1.000
1.560 +1.000
1.570 +1.000
1.580 +1.000
1.590 +1.000
1.600 +1.000
1.610 +0.999
1.620 +0.999
1.630 +0.998
1.640 +0.998
1.650 +0.997
1.660 +0.996
1.670 +0.995
1.680 +0.994
1.690 +0.993
1.700 +0.992
1.710 +0.990
1.720 +0.989
1.730 +0.987
1.740 +0.986
1.750 +0.984
1.760 +0.982
1.770 +0.980
1.780 +0.978
1.790 +0.976
1.800 +0.974
1.810 +0.972
1.820 +0.969
1.830 +0.967
1.840 +0.964
1.850 +0.961
1.860 +0.958
1.870 +0.956
1.880 +0.953
1.890 +0.949
1.900 +0.946
1.910 +0.943
1.920 +0.940
1.930 +0.936
1.940 +0.933
1.950 +0.929
1.960 +0.925
1.970 +0.921
1.980 +0.917
1.990 +0.913
2.000 +0.909
2.010 +0.905
2.020 +0.901
2.030 +0.896
2.040 +0.892
2.050 +0.887
2.060 +0.883
2.070 +0.878
2.080 +0.873
2.090 +0.868
2.100 +0.863
2.110 +0.858
2.120 +0.853
2.130 +0.848
2.140 +0.842
2.150 +0.837
2.160 +0.831
2.170 +0.826
2.180 +0.820
2.190 +0.814
2.200 +0.808
2.210 +0.803
2.220 +0.797
2.230 +0.790
2.240 +0.784
2.250 +0.778
2.260 +0.772
2.270 +0.765
2.280 +0.759
2.290 +0.752
2.300 +0.746
2.310 +0.739
2.320 +0.732
2.330 +0.725
2.340 +0.718
2.350 +0.711
2.360 +0.704
2.370 +0.697
2.380 +0.690
2.390 +0.683
2.400 +0.675
2.410 +0.668
2.420 +0.661
2.430 +0.653
2.440 +0.645
2.450 +0.638
2.460 +0.630
2.470 +0.622
2.480 +0.614
2.490 +0.606
2.500 +0.598
2.510 +0.590
2.520 +0.582
2.530 +0.574
2.540 +0.566
2.550 +0.558
2.560 +0.549
2.570 +0.541
2.580 +0.533
2.590 +0.524
2.600 +0.516
2.610 +0.507
2.620 +0.498
2.630 +0.490
2.640 +0.481
2.650 +0.472
2.660 +0.463
2.670 +0.454
2.680 +0.445
2.690 +0.436
2.700 +0.427
2.710 +0.418
2.720 +0.409
2.730 +0.400
2.740 +0.391
2.750 +0.382
2.760 +0.372
2.770 +0.363
2.780 +0.354
2.790 +0.344
2.800 +0.335
2.810 +0.326
2.820 +0.316
2.830 +0.307
2.840 +0.297
2.850 +0.287
2.860 +0.278
2.870 +0.268
2.880 +0.259
2.890 +0.249
2.900 +0.239
2.910 +0.230
2.920 +0.220
2.930 +0.210
2.940 +0.200
2.950 +0.190
2.960 +0.181
2.970 +0.171
2.980 +0.161
2.990 +0.151
3.000 +0.141
3.010 +0.131
3.020 +0.121
3.030 +0.111
3.040 +0.101
3.050 +0.091
3.060 +0.082
3.070 +0.072
3.080 +0.062
3.090 +0.052
3.100 +0.042
3.110 +0.032
3.120 +0.022
3.130 +0.012
3.140 +0.002
3.150 -0.008
3.160 -0.018
3.170 -0.028
3.180 -0.038
3.190 -0.048
3.200 -0.058
3.210 -0.068
3.220 -0.078
3.230 -0.088
3.240 -0.098
3.250 -0.108
3.260 -0.118
3.270 -0.128
3.280 -0.138
3.290 -0.148
3.300 -0.158
3.310 -0.168
3.320 -0.177
3.330 -0.187
3.340 -0.197
3.350 -0.207
3.360 -0.217
3.370 -0.226
3.380 -0.236
3.390 -0.246
3.400 -0.256
3.410 -0.265
3.420 -0.275
3.430 -0.284
3.440 -0.294
3.450 -0.304
3.460 -0.313
3.470 -0.323
3.480 -0.332
3.490 -0.341
3.500 -0.351
3.510 -0.360
3.520 -0.369
3.530 -0.379
3.540 -0.388
3.550 -0.397
3.560 -0.406
3.570 -0.415
3.580 -0.424
3.590 -0.434
3.600 -0.443
3.610 -0.451
3.620 -0.460
3.630 -0.469
3.640 -0.478
3.650 -0.487
3.660 -0.495
3.670 -0.504
3.680 -0.513
3.690 -0.521
3.700 -0.530
3.710 -0.538
3.720 -0.547
3.730 -0.555
3.740 -0.563
3.750 -0.572
3.760 -0.580
3.770 -0.588
3.780 -0.596
3.790 -0.604
3.800 -0.612
3.810 -0.620
3.820 -0.628
3.830 -0.635
3.840 -0.643
3.850 -0.651
3.860 -0.658
3.870 -0.666
3.880 -0.673
3.890 -0.680
3.900 -0.688
3.910 -0.695
3.920 -0.702
3.930 -0.709
3.940 -0.716
3.950 -0.723
3.960 -0.730
3.970 -0.737
3.980 -0.744
3.990 -0.750
4.000 -0.757
4.010 -0.763
4.020 -0.770
4.030 -0.776
4.040 -0.782
4.050 -0.789
4.060 -0.795
4.070 -0.801
4.080 -0.807
4.090 -0.812
4.100 -0.818
4.110 -0.824
4.120 -0.830
4.130 -0.835
4.140 -0.841
4.150 -0.846
4.160 -0.851
4.170 -0.856
4.180 -0.862
4.190 -0.867
4.200 -0.872
4.210 -0.876
4.220 -0.881
4.230 -0.886
4.240 -0.890
4.250 -0.895
4.260 -0.899
4.270 -0.904
4.280 -0.908
4.290 -0.912
4.300 -0.916
4.310 -0.920
4.320 -0.924
4.330 -0.928
4.340 -0.931
4.350 -0.935
4.360 -0.939
4.370 -0.942
4.380 -0.945
4.390 -0.948
4.400 -0.952
4.410 -0.955
4.420 -0.958
4.430 -0.960
4.440 -0.963
4.450 -0.966
4.460 -0.968
4.470 -0.971
4.480 -0.973
4.490 -0.975
4.500 -0.978
4.510 -0.980
4.520 -0.982
4.530 -0.983
4.540 -0.985
4.550 -0.987
4.560 -0.988
4.570 -0.990
4.580 -0.991
4.590 -0.993
4.600 -0.994
4.610 -0.995
4.620 -0.996
4.630 -0.997
4.640 -0.997
4.650 -0.998
4.660 -0.999
4.670 -0.999
4.680 -0.999
4.690 -1.000
4.700 -1.000
4.710 -1.000
4.720 -1.000
4.730 -1.000
4.740 -1.000
4.750 -0.999
4.760 -0.999
4.770 -0.998
4.780 -0.998
4.790 -0.997
4.800 -0.996
4.810 -0.995
4.820 -0.994
4.830 -0.993
4.840 -0.992
4.850 -0.991
4.860 -0.989
4.870 -0.988
4.880 -0.986
4.890 -0.984
4.900 -0.982
4.910 -0.981
4.920 -0.979
4.930 -0.976
4.940 -0.974
4.950 -0.972
4.960 -0.970
4.970 -0.967
4.980 -0.964
4.990 -0.962
5.000 -0.959
5.010 -0.956
5.020 -0.953
5.030 -0.950
5.040 -0.947
5.050 -0.944
5.060 -0.940
5.070 -0.937
5.080 -0.933
5.090 -0.930
5.100 -0.926
5.110 -0.922
5.120 -0.918
5.130 -0.914
5.140 -0.910
5.150 -0.906
5.160 -0.901
5.170 -0.897
5.180 -0.893
5.190 -0.888
5.200 -0.883
5.210 -0.879
5.220 -0.874
5.230 -0.869
5.240 -0.864
5.250 -0.859
5.260 -0.854
5.270 -0.849
5.280 -0.843
5.290 -0.838
5.300 -0.832
5.310 -0.827
5.320 -0.821
5.330 -0.815
5.340 -0.809
5.350 -0.804
5.360 -0.798
5.370 -0.791
5.380 -0.785
5.390 -0.779
5.400 -0.773
5.410 -0.766
5.420 -0.760
5.430 -0.753
5.440 -0.747
5.450 -0.740
5.460 -0.733
5.470 -0.726
5.480 -0.720
5.490 -0.713
5.500 -0.706
5.510 -0.698
5.520 -0.691
5.530 -0.684
5.540 -0.677
5.550 -0.669
5.560 -0.662
5.570 -0.654
5.580 -0.647
5.590 -0.639
5.600 -0.631
5.610 -0.623
5.620 -0.616
5.630 -0.608
5.640 -0.600
5.650 -0.592
5.660 -0.584
5.670 -0.575
5.680 -0.567
5.690 -0.559
5.700 -0.551
5.710 -0.542
5.720 -0.534
5.730 -0.525
5.740 -0.517
5.750 -0.508
5.760 -0.500
5.770 -0.491
5.780 -0.482
5.790 -0.473
5.800 -0.465
5.810 -0.456
5.820 -0.447
5.830 -0.438
5.840 -0.429
5.850 -0.420
5.860 -0.411
5.870 -0.402
5.880 -0.392
5.890 -0.383
5.900 -0.374
5.910 -0.365
5.920 -0.355
5.930 -0.346
5.940 -0.336
5.950 -0.327
5.960 -0.318
5.970 -0.308
5.980 -0.299
5.990 -0.289
6.000 -0.279
6.010 -0.270
6.020 -0.260
6.030 -0.250
6.040 -0.241
6.050 -0.231
6.060 -0.221
6.070 -0.212
6.080 -0.202
6.090 -0.192
6.100 -0.182
6.110 -0.172
6.120 -0.162
6.130 -0.153
6.140 -0.143
6.150 -0.133
6.160 -0.123
6.170 -0.113
6.180 -0.103
6.190 -0.093
6.200 -0.083
6.210 -0.073
6.220 -0.063
6.230 -0.053
6.240 -0.043
6.250 -0.033
6.260 -0.023
6.270 -0.013
6.280 -0.003
6.290 +0.007
6.300 +0.017
6.310 +0.027
6.320 +0.037
6.330 +0.047
6.340 +0.057
6.350 +0.067
6.360 +0.077
6.370 +0.087
6.380 +0.097
6.390 +0.107
6.400 +0.117
6.410 +0.126
6.420 +0.136
6.430 +0.146
6.440 +0.156
6.450 +0.166
6.460 +0.176
6.470 +0.186
6.480 +0.196
6.490 +0.205
6.500 +0.215
6.510 +0.225
6.520 +0.235
6.530 +0.244
6.540 +0.254
6.550 +0.264
6.560 +0.273
6.570 +0.283
6.580 +0.292
6.590 +0.302
6.600 +0.312
6.610 +0.321
6.620 +0.330
6.630 +0.340
6.640 +0.349
6.650 +0.359
6.660 +0.368
6.670 +0.377
6.680 +0.386
6.690 +0.396
6.700 +0.405
6.710 +0.414
6.720 +0.423
6.730 +0.432
6.740 +0.441
6.750 +0.450
6.760 +0.459
6.770 +0.468
6.780 +0.477
6.790 +0.485
6.800 +0.494
6.810 +0.503
6.820 +0.511
6.830 +0.520
6.840 +0.528
6.850 +0.537
6.860 +0.545
6.870 +0.554
6.880 +0.562
6.890 +0.570
6.900 +0.578
6.910 +0.587
6.920 +0.595
6.930 +0.603
6.940 +0.611
6.950 +0.618
6.960 +0.626
6.970 +0.634
6.980 +0.642
6.990 +0.649
7.000 +0.657
7.010 +0.664
7.020 +0.672
7.030 +0.679
7.040 +0.687
7.050 +0.694
7.060 +0.701
7.070 +0.708
7.080 +0.715
7.090 +0.722
7.100 +0.729
7.110 +0.736
7.120 +0.743
7.130 +0.749
7.140 +0.756
7.150 +0.762
7.160 +0.769
7.170 +0.775
7.180 +0.781
7.190 +0.788
7.200 +0.794
7.210 +0.800
7.220 +0.806
7.230 +0.812
7.240 +0.817
7.250 +0.823
7.260 +0.829
7.270 +0.834
7.280 +0.840
7.290 +0.845
7.300 +0.850
7.310 +0.856
7.320 +0.861
7.330 +0.866
7.340 +0.871
7.350 +0.876
7.360 +0.880
7.370 +0.885
7.380 +0.890
7.390 +0.894
7.400 +0.899
7.410 +0.903
7.420 +0.907
7.430 +0.911
7.440 +0.916
7.450 +0.920
7.460 +0.923
7.470 +0.927
7.480 +0.931
7.490 +0.934
7.500 +0.938
7.510 +0.941
7.520 +0.945
7.530 +0.948
7.540 +0.951
7.550 +0.954
7.560 +0.957
7.570 +0.960
7.580 +0.963
7.590 +0.965
7.600 +0.968
7.610 +0.970
7.620 +0.973
7.630 +0.975
7.640 +0.977
7.650 +0.979
7.660 +0.981
7.670 +0.983
7.680 +0.985
7.690 +0.987
7.700 +0.988
7.710 +0.990
7.720 +0.991
7.730 +0.992
7.740 +0.994
7.750 +0.995
7.760 +0.996
7.770 +0.996
7.780 +0.997
7.790 +0.998
7.800 +0.999
7.810 +0.999
7.820 +0.999
7.830 +1.000
7.840 +1.000
7.850 +1.000
7.860 +1.000
7.870 +1.000
7.880 +1.000
7.890 +0.999
7.900 +0.999
7.910 +0.998
7.920 +0.998
7.930 +0.997
7.940 +0.996
7.950 +0.995
7.960 +0.994
7.970 +0.993
7.980 +0.992
7.990 +0.991
8.000 +0.989
8.010 +0.988
8.020 +0.986
8.030 +0.985
8.040 +0.983
8.050 +0.981
8.060 +0.979
8.070 +0.977
8.080 +0.975
8.090 +0.972
8.100 +0.970
8.110 +0.967
8.120 +0.965
8.130 +0.962
8.140 +0.959
8.150 +0.957
8.160 +0.954
8.170 +0.950
8.180 +0.947
8.190 +0.944
8.200 +0.941
8.210 +0.937
8.220 +0.934
8.230 +0.930
8.240 +0.926
8.250 +0.923
8.260 +0.919
8.270 +0.915
8.280 +0.911
8.290 +0.906
8.300 +0.902
8.310 +0.898
8.320 +0.893
8.330 +0.889
8.340 +0.884
8.350 +0.879
8.360 +0.875
8.370 +0.870
8.380 +0.865
8.390 +0.860
8.400 +0.855
8.410 +0.849
8.420 +0.844
8.430 +0.839
8.440 +0.833
8.450 +0.828
8.460 +0.822
8.470 +0.816
8.480 +0.810
8.490 +0.804
8.500 +0.798
8.510 +0.792
8.520 +0.786
8.530 +0.780
8.540 +0.774
8.550 +0.767
8.560 +0.761
8.570 +0.754
8.580 +0.748
8.590 +0.741
8.600 +0.734
8.610 +0.728
8.620 +0.721
8.630 +0.714
8.640 +0.707
8.650 +0.700
8.660 +0.692
8.670 +0.685
8.680 +0.678
8.690 +0.670
8.700 +0.663
8.710 +0.655
8.720 +0.648
8.730 +0.640
8.740 +0.633
8.750 +0.625
8.760 +0.617
8.770 +0.609
8.780 +0.601
8.790 +0.593
8.800 +0.585
8.810 +0.577
8.820 +0.569
8.830 +0.560
8.840 +0.552
8.850 +0.544
8.860 +0.535
8.870 +0.527
8.880 +0.518
8.890 +0.510
8.900 +0.501
8.910 +0.492
8.920 +0.484
8.930 +0.475
8.940 +0.466
8.950 +0.457
8.960 +0.448
8.970 +0.439
8.980 +0.430
8.990 +0.421
9.000 +0.412
9.010 +0.403
9.020 +0.394
9.030 +0.385
9.040 +0.375
9.050 +0.366
9.060 +0.357
9.070 +0.347
9.080 +0.338
9.090 +0.329
9.100 +0.319
9.110 +0.310
9.120 +0.300
9.130 +0.291
9.140 +0.281
9.150 +0.271
9.160 +0.262
9.170 +0.252
9.180 +0.242
9.190 +0.233
9.200 +0.223
9.210 +0.213
9.220 +0.203
9.230 +0.194
9.240 +0.184
9.250 +0.174
9.260 +0.164
9.270 +0.154
9.280 +0.144
9.290 +0.134
9.300 +0.124
9.310 +0.115
9.320 +0.105
9.330 +0.095
9.340 +0.085
9.350 +0.075
9.360 +0.065
9.370 +0.055
9.380 +0.045
9.390 +0.035
9.400 +0.025
9.410 +0.015
9.420 +0.005
9.430 -0.005
9.440 -0.015
9.450 -0.025
9.460 -0.035
9.470 -0.045
9.480 -0.055
9.490 -0.065
9.500 -0.075
9.510 -0.085
9.520 -0.095
9.530 -0.105
9.540 -0.115
9.550 -0.125
9.560 -0.135
9.570 -0.145
9.580 -0.155
9.590 -0.164
9.600 -0.174
9.610 -0.184
9.620 -0.194
9.630 -0.204
9.640 -0.214
9.650 -0.223
9.660 -0.233
9.670 -0.243
9.680 -0.252
9.690 -0.262
9.700 -0.272
9.710 -0.281
9.720 -0.291
9.730 -0.301
9.740 -0.310
9.750 -0.320
9.760 -0.329
9.770 -0.338
9.780 -0.348
9.790 -0.357
9.800 -0.366
9.810 -0.376
9.820 -0.385
9.830 -0.394
9.840 -0.403
9.850 -0.413
9.860 -0.422
9.870 -0.431
9.880 -0.440
9.890 -0.449
9.900 -0.458
9.910 -0.466
9.920 -0.475
9.930 -0.484
9.940 -0.493
9.950 -0.501
9.960 -0.510
9.970 -0.519
9.980 -0.527
9.990 -0.536
